##BLOCKS= 1          
Plate:	Plate#1	1.3	PlateFormat	Endpoint	Fluorescence	FALSE	Raw	FALSE	1						1	450	1	12	96	330	Automatic	435			6	Medium			1	8	None	
	Temperature(¡C)	1	2	3	4	5	6	7	8	9	10	11	12		
	37.00	123.567	97.139	360.21	373.014	371.012	18042.437	17608.184	18156.746	11700.792	11800.187	11532.834	102.581		
		118.246	84.9	106.558	131.897	155.302	194.422	282.675	448.239	780.775	1462.435	2714.289	95.016		
		122.15	88.977	111.423	131.546	153.43	195.478	279.531	441.152	767.598	1421.212	2651.294	95.753		
		119.815	86.704	910.754	874.698	921.755	881.493	932.505	892.212	89.933	92.845	91.23	95.596		
		117.1	87.529	17906.943	17703.584	17537.316	17507.361	17331.664	16960.178	93.159	91.761	91.854	97.381		
		116.996	88.259	11569.281	11592.986	11684.996	11790.147	11634.571	11425.141	93.051	92.989	90.156	94.23		
		118.871	91.534	5842.763	5888.483	5927.819	5921.223	5891.633	5832.129	92.511	95.102	91.544	94.296		
		120.736	101.37	5097.921	5076.791	5095.721	105.397	103.029	99.806	105.129	104.844	103.147	104.514		
		
~End
