##BLOCKS= 1          
Plate:	Plate#1	1.3	PlateFormat	Endpoint	Fluorescence	FALSE	Raw	FALSE	1						1	450	1	12	96	330	Automatic	435			6	Medium			1	8	None	
	Temperature(¡C)	1	2	3	4	5	6	7	8	9	10	11	12		
	36.90	112.187	93.809	343.005	354.143	352.025	18017.939	17640.557	18186.996	11788.489	11899.424	11630.138	97.813		
		113.166	82.017	105.133	130.172	148.028	188.331	280.188	441.827	774.014	1449.507	2695.659	91.448		
		115.708	86.798	107.033	127.771	149.09	191.863	274.447	438.831	751.964	1401.673	2619.362	90.48		
		112.598	87.117	957.224	924.978	970.19	923.482	990.147	944.248	86.469	88.402	91.944	87.85		
		110.668	84.044	17896.793	17658.33	17448.061	17441.768	17238.158	16970.445	90.673	89.912	89.583	92.691		
		111.322	85.321	11587.205	11638.257	11706.823	11827.803	11661.438	11513.067	90.372	89.171	87.599	91.431		
		111.589	85.026	6024.999	6074.542	6092.603	6115.346	6067.577	6047.887	88.413	92.942	90.242	90.201		
		114.124	97.393	5217.984	5174.993	5203.594	99.191	96.813	95.819	99.799	99.731	97.016	101.054		
		
~End
