##BLOCKS= 1          
Plate:	Plate#1	1.3	PlateFormat	Endpoint	Fluorescence	FALSE	Raw	FALSE	1						1	450	1	12	96	330	Automatic	435			6	Medium			1	8	None	
	Temperature(¡C)	1	2	3	4	5	6	7	8	9	10	11	12		
	21.50	141.976	116.606	422.162	443.924	438.353	21666.27	21259.068	21822.404	15128.274	15163.456	14823.554	121.817		
		138.802	103.396	127.709	159.492	179.494	229.046	329.328	514.694	911.003	1674.95	3125.204	112.489		
		143.021	103.935	129.44	155.234	180.16	230.842	321.77	516.885	891.184	1629.582	3055.084	110.289		
		136.01	104.182	2314.181	2234.385	2387.093	2251.944	2406.491	2292.139	108.758	108.058	110.987	109.813		
		137.764	104.231	21615.066	21380.094	21155.732	21166.463	20889.297	20512.404	111.461	109.101	108.385	115.915		
		132.836	102.671	14905.544	15036.465	15113.002	15277.461	15035.674	14747.113	114.613	108.554	107.482	110.977		
		137.904	106.554	9769.898	9806.057	9896.75	9901.907	9835.437	9778.077	109.594	111.625	108.09	109.545		
		142.776	119.725	8178.917	8154.251	8191.266	124.075	119.219	121.784	121.443	124.118	117.77	122.732		
		
~End
