##BLOCKS= 1          
Plate:	Plate#1	1.3	PlateFormat	Endpoint	Absorbance	Raw	FALSE	1						1	490	1	12	96	1	8	None	
	Temperature(¡C)	1	2	3	4	5	6	7	8	9	10	11	12		
	23.00	0.0424	0.0454	0.0467	0.0467	0.0458	0.0432	0.0424	0.0458	0.0422	0.0428	0.0406	0.0385		
		0.1918	1.1399	1.126	1.1118	1.1288	1.1447	1.1017	1.1279	1.082	0.9892	0.8589	0.0432		
		0.1899	1.154	1.1177	1.1063	1.1	1.0992	1.0969	1.0936	1.0468	0.9902	0.8312	0.0471		
		0.1885	1.1224	1.1077	1.1122	1.1038	1.0956	1.0984	1.1033	1.04	0.976	0.8358	0.0515		
		0.047	1.1152	1.1091	1.0853	1.0978	1.0622	0.997	0.8571	0.4077	0.26	0.1899	0.0477		
		0.0471	1.1174	1.0949	1.0793	1.0784	1.0355	0.959	0.8354	0.4103	0.2637	0.1927	0.047		
		0.0389	1.1094	1.1052	1.0925	1.0807	1.0374	0.96	0.8279	0.3842	0.2519	0.1943	0.0475		
		0.0389	0.0476	0.0488	0.0482	0.048	0.0489	0.047	0.0409	0.0482	0.0474	0.0476	0.0381		
		
~End
