##BLOCKS= 1          
Plate:	Plate#1	1.3	PlateFormat	Endpoint	Absorbance	Raw	FALSE	1						1	490	1	12	96	1	8	None	
	Temperature(¡C)	1	2	3	4	5	6	7	8	9	10	11	12		
	23.00	0.047	0.0477	0.0467	0.047	0.0473	0.0476	0.047	0.0468	0.0467	0.0468	0.039	0.0379		
		0.1864	0.9527	0.8804	0.876	0.8909	0.8894	0.8708	0.8731	0.8274	0.7153	0.5702	0.0426		
		0.1828	0.9122	0.8847	0.8554	0.8787	0.8753	0.8446	0.8245	0.7713	0.7124	0.5536	0.0458		
		0.1836	0.9047	0.8662	0.8686	0.8507	0.8617	0.8265	0.8319	0.7426	0.7152	0.5624	0.0447		
		0.0473	0.9081	0.7823	0.6701	0.4736	0.241	0.1948	0.1852	0.1821	0.1859	0.1788	0.042		
		0.047	0.898	0.7672	0.6684	0.4659	0.2354	0.1938	0.1871	0.1822	0.1862	0.183	0.0413		
		0.0475	0.9154	0.7953	0.6627	0.4588	0.2297	0.193	0.1822	0.1846	0.1875	0.1854	0.0442		
		0.0446	0.047	0.0474	0.0483	0.0547	0.0565	0.0408	0.0383	0.0387	0.0377	0.0378	0.0426		
		
~End
