##BLOCKS= 1          
Plate:	Plate#1	1.3	PlateFormat	Endpoint	Absorbance	Raw	FALSE	1						1	490	1	12	96	1	8	None	
	Temperature(¡C)	1	2	3	4	5	6	7	8	9	10	11	12		
	23.00	0.0483	0.0466	0.047	0.0405	0.0459	0.0464	0.0464	0.0465	0.0464	0.0467	0.0462	0.0419		
		0.182	0.9299	0.8972	0.8862	0.8342	0.714	0.4647	0.1976	0.1859	0.1882	0.1878	0.046		
		0.1783	0.9085	0.8884	0.8699	0.8078	0.6872	0.4588	0.1983	0.1825	0.1878	0.1876	0.0445		
		0.1778	0.8966	0.8436	0.8197	0.7801	0.6599	0.4308	0.1946	0.1836	0.1829	0.1827	0.0465		
		0.0469	0.927	0.8246	0.7517	0.5901	0.2893	0.1924	0.1839	0.1807	0.1835	0.1875	0.0441		
		0.0495	0.9216	0.847	0.7359	0.5869	0.2836	0.1944	0.1847	0.1855	0.183	0.1891	0.0464		
		0.045	0.9045	0.8454	0.7661	0.607	0.2843	0.1916	0.1842	0.1829	0.1876	0.1936	0.0385		
		0.0406	0.0475	0.0371	0.0373	0.0372	0.0371	0.0371	0.037	0.0372	0.0375	0.0413	0.0393		
		
~End
