##BLOCKS= 1          
Plate:	Plate#1	1.3	PlateFormat	Endpoint	Absorbance	Raw	FALSE	1						1	490	1	12	96	1	8	None	
	Temperature(¡C)	1	2	3	4	5	6	7	8	9	10	11	12		
	23.00	0.0458	0.0437	0.0384	0.0465	0.0464	0.0463	0.0424	0.0459	0.0465	0.0384	0.0375	0.0465		
		0.1878	1.1045	1.0895	1.054	1.0136	0.8992	0.6421	0.2464	0.1936	0.1923	0.1916	0.0448		
		0.186	1.0685	1.0596	1.0227	0.975	0.8784	0.6569	0.254	0.1955	0.189	0.1911	0.0462		
		0.1853	1.0638	1.0452	1.0495	0.9749	0.8708	0.6712	0.2635	0.1964	0.1941	0.1887	0.0466		
		0.0471	1.0636	1.0225	0.9828	0.91	0.791	0.4871	0.2348	0.1995	0.1913	0.192	0.0464		
		0.0473	1.0674	1.0253	0.9925	0.904	0.7737	0.4772	0.242	0.2033	0.194	0.1916	0.0465		
		0.047	1.0606	1.0281	1.0149	0.9236	0.7996	0.5269	0.2413	0.2073	0.2006	0.1963	0.0431		
		0.0445	0.0473	0.0468	0.048	0.0414	0.048	0.0479	0.048	0.0436	0.0484	0.037	0.0385		
		
~End
