##BLOCKS= 1          
Plate:	Plate#1	1.3	PlateFormat	Endpoint	Fluorescence	FALSE	Raw	FALSE	1						1	450	1	12	96	330	Automatic	435			6	Medium			1	8	None	
	Temperature(¡C)	1	2	3	4	5	6	7	8	9	10	11	12		
	22.00	145.557	121.794	452.087	471.592	465.232	21770.98	21281.398	22025.02	15528.229	15546.736	15192.872	128.816		
		146.46	105.535	135.368	87.711	184.683	228.135	320.065	504.952	877.376	1540.577	2962.232	118.031		
		150.94	107.92	135.987	159.886	181.874	225.07	316.969	501.028	843.467	1527.468	2890.833	115.84		
		143.307	108.877	3594.054	3462.939	3669.6	3465.096	3706.764	3538.958	110.186	110.617	112.943	112.699		
		146.333	107.296	21677.02	21488.822	21145.83	21028.922	20904.049	20498.627	111	111.925	113.514	117.015		
		143.016	107.834	15266.976	15188.939	15287.725	15502.753	15218.861	14971.917	116.268	107.623	107.606	115.581		
		142.23	110.233	11210.645	11241.035	11328.601	11275.602	11260.489	11104.019	111.197	115.873	109.463	116.401		
		148.03	122.099	9341.002	9293.791	9384.042	128.149	124.525	125.029	128.658	126.195	125.05	126.092		
		
~End
